0000000000000000000000000
0000000000000000000000000
0000000000000000000000000
0000000000000000000000000
0000000000000000000000000
0000000000000000000000000
0000000000000000000000000
0000001111111111111000000
0000000000000000001000000
0000000000000000001000000
0000000000000000001000000
0000000000000000001000000
0000000000001111111000000
0000000000001000000000000
0000000000001000000000000
0000000000001000000000001
0000000000001000000000000
0000000000001000000000000
0000000000000000000000000
0000000000000000000000000
0000000000000000000000000
0000000000000000000000000
0000000000000000000000000
0000000000000000000000000
0000000000000000000000000